00001,1,A,022,***********,16/05/2021,876.40,2.50,171.91,559,921
00002,1,A,023,***********,16/05/2021,2575.60,2.50,314.39,559,921
00003,1,A,024,***********,16/05/2021,5130.40,2.50,378.26,559,921
00004,1,A,027,***********,16/05/2021,052.00,2.50,126.30,559,921
00005,1,A,028,***********,16/05/2021,208.00,2.50,180.20,559,921
00006,1,A,029,***********,16/05/2021,075.60,2.50,176.89,559,921
00007,1,A,030,***********,16/05/2021,4182.80,2.50,354.57,559,921
00008,1,A,031,***********,16/05/2021,0876.00,2.50,521.90,559,921
00009,1,A,032,***********,16/05/2021,7465.20,2.50,686.63,559,921
00010,1,A,033,***********,16/05/2021,4759.20,2.50,868.98,559,921
00011,1,A,034,***********,16/05/2021,2548.00,2.50,1063.70,559,921
00012,1,A,035,***********,16/05/2021,0552.00,2.50,1263.80,559,921
00013,1,A,036,***********,16/05/2021,6887.20,2.50,1422.18,559,921
00014,1,A,037,***********,16/05/2021,4537.60,2.50,1613.44,559,921
00015,1,A,038,***********,16/05/2021,2176.00,2.50,1804.40,559,921
