001,1,A,037,***********,10/05/2021,768.58,3.31,58.54,014,914
002,1,A,040,***********,10/05/2021,5968.58,3.31,528.56,014,914
003,1,A,041,***********,10/05/2021,5722.96,3.31,520.43,014,914
004,1,A,042,***********,10/05/2021,95262.24,3.31,19703.18,014,914
005,1,A,043,***********,10/05/2021,66885.20,3.31,12143.90,014,914
006,1,A,044,***********,10/05/2021,244.41,3.31,74.29,014,914
007,1,A,045,***********,10/05/2021,3294.86,3.31,771.06,014,914
008,1,A,046,***********,10/05/2021,1748.64,3.31,1050.88,014,914
009,1,B,065,***********,10/05/2021,6604.23,3.31,549.60,014,914
010,1,B,066,***********,10/05/2021,412.08,3.31,46.74,014,914
011,1,A,051,***********,10/05/2021,3545.32,3.31,779.35,014,914
012,1,B,067,***********,10/05/2021,71.00,3.31,28.83,014,914
013,1,A,052,***********,10/05/2021,1900.91,3.31,1717.92,014,914
014,1,A,053,***********,10/05/2021,6865.86,3.31,1882.26,014,914
015,1,A,054,***********,10/05/2021,30761.03,3.31,4328.19,014,914
